name	M1	M2	R1	R2	T1	T2	d						M	R	T		Lum			Gravity		
DV_Psc	0.7	0.49	0.68	0.51	4450	3614	13				1.029411765		0.7	0.68	4450		0.164471623			5.96453E-07		3.09056E-07
MU_Cas	4.66	4.57	4.19	3.67	14750	15100	1690				1.112171838		4.66	4.19	14750		753.7533157			1.04581E-07		2.47826E-07
V69-47_Tuc	0.876	0.859	1.315	1.162	5945	5959	4418				0.666159696		0.876	1.315	5945		1.9592599			1.99595E-07		
YZ_Cas	2.31	1.35	2.53	1.35	9200	6700	107				0.913043478		2.31	2.53	9200		41.59349936			1.42189E-07		
NGC188_KR_V12	1.103	1.081	1.424	1.373	5900	5875	1770				0.774578652		1.103	1.424	5900		2.228748858			2.14315E-07		
V364_Cas	1.8	1.8	1.6	1.6	7816	7780	670				1.125		1.8	1.6	7816		8.665852178			2.77031E-07		
zet_Phe	3.93	2.551	2.851	1.853	14550	11910	90				1.378463697		3.93	2.851	14550		330.4300349			1.905E-07		
AI_Phe	1.236	1.195	2.93	1.816	6310	5010	162				0.421843003		1.236	2.93	6310		12.34484911			5.67256E-08		
CO_And	1.289	1.264	1.727	1.694	6140	6170	377				0.746381008		1.289	1.727	6140		3.84495506			1.7028E-07		
V459_Cas	2.02	1.96	2.009	1.965	9140	9100	631				1.005475361		2.02	2.009	9140		25.54922699			1.97191E-07		
2MASSJ01132817-3821024	0.612	0.445	0.596	0.445	3750	3085	39				1.026845638		0.612	0.596	3750		0.063716322			6.78821E-07		
UV_Psc	0.975	0.76	1.11	0.83	5780	4750	68				0.878378378		0.975	1.11	5780		1.247355998			3.11785E-07		
2MASSJ01542930+0053266	0.659	0.619	0.639	0.61	3800	3600	623				1.031298905		0.659	0.639	3800		0.077227008			6.35887E-07		
NSVS_06507557	0.656	0.279	0.6	0.442	3960	3365	111				1.093333333		0.656	0.6	3960		0.080300149			7.17956E-07		
V615_Per	4.075	3.179	2.291	1.903	15000	11000	2190				1.778699258		4.075	2.291	15000		241.0173588			3.05896E-07		
V618_Per	2.332	1.558	1.636	1.318	11000	8000	2195				1.425427873		2.332	1.636	11000		35.54433944			3.43288E-07		
V505_Per	1.269	1.251	1.287	1.266	6512	6462	59.7				0.986013986		1.269	1.287	6512		2.701766234			3.01857E-07		
AG_Ari	2.16	2.15	2.232	2.074	10300	9800	292				0.967741935		2.16	2.232	10300		50.85930108			1.70829E-07		
XY_Cet	1.773	1.615	1.873	1.773	7870	7620	279.3				0.946609717		1.773	1.873	7870		12.206962			1.99127E-07		
CW_Eri	1.59	1.33	2.08	1.56	6840	6561	162				0.764423077		1.59	2.08	6840		8.589822412			1.44799E-07		
V799_Cas	3.08	2.97	3.23	3.2	11550	11210	607				0.953560372		3.08	3.23	11550		168.4093075			1.16317E-07		
AE_For	0.631	0.62	0.67	0.63	4100	4055	31				0.941791045		0.631	0.67	4100		0.11505835			5.53829E-07		
V570_Per	1.449	1.35	1.5	1.36	6842	6580	121				0.966		1.449	1.5	6842		4.472474838			2.53736E-07		
TV_Cet	1.34	1.23	1.47	1.21	6902	6575	144				0.911564626		1.34	1.47	6902		4.448028873			2.44324E-07		
TZ_For	1.95	2.05	3.96	8.32	6350	5000	185				0.492424242		1.95	3.96	6350		23.12695106			4.89937E-08		
SDSS-MEB-1	0.272	0.24	0.268	0.248	3320	3300	375				1.014925373		0.272	0.268	3320		0.007915075			1.49209E-06		
2MASSJ03262072+0312362	0.527	0.491	0.505	0.471	3330	3270	389				1.043564356		0.527	0.505	3330		0.028444139			8.14187E-07		
GJ_3236	0.375	0.28	0.383	0.283	3310	3241	41.1				0.979112272		0.375	0.383	3310		0.015971387			1.00723E-06		
EY_Cep	1.523	1.498	1.463	1.468	7090	6970	300				1.04101162		1.523	1.463	7090		4.905764559			2.80354E-07		
V1229_Tau	2.221	1.565	1.843	1.586	10025	7262	138				1.20510038		2.221	1.843	10025		31.11868984			2.57629E-07		
V1130_Tau	1.306	1.392	1.489	1.782	6650	6625	71				0.877098724		1.306	1.489	6650		3.932865417			2.32087E-07		
IQ_Per	3.51	1.73	2.45	1.5	12300	7670	275				1.432653061		3.51	2.45	12300		124.6194192			2.30394E-07		
CF_Tau	1.282	1.251	2.797	2.048	5200	6000	268				0.45834823		1.282	2.797	5200		5.188375689			6.45653E-08		
AG_Per	5.36	4.9	2.99	2.6	18200	17400	355				1.79264214		5.36	2.99	18200		889.7357416			2.36221E-07		
SZ_Cam	14.31	10.69	8.91	6.7	30360	27244	870				1.606060606		14.31	8.91	30360		61178.0437			7.102E-08		
V818_Tau	1.08	0.771	0.905	0.773	5470	3977	42				1.193370166		1.08	0.905	5470		0.665088705			5.19545E-07		
WW_Cam	1.92	1.873	1.911	1.808	8360	8240	376				1.004709576		1.92	1.911	8360		16.18004005			2.07146E-07		
2MASSJ04463285+1901432	0.47	0.19	0.56	0.21	3320	2900	542				0.839285714		0.47	0.56	3320		0.034559026			5.90497E-07		
2MASSJ04480963+0317480	0.567	0.532	0.552	0.532	3920	3810	346				1.027173913		0.567	0.552	3920		0.065261272			7.33164E-07		
TYC_4749-560-1	0.845	0.839	0.848	0.833	5340	5125	148				0.996462264		0.845	0.848	5340		0.5303833			4.62979E-07		
HP_Aur	0.958	0.807	1.05	0.821	5790	5270	197				0.912380952		0.958	1.05	5790		1.123895575			3.4236E-07		
V1236_Tau	0.786	0.769	0.769	0.806	4200	4133	753				1.022106632		0.786	0.769	4200		0.166910228			5.2368E-07		
CD_Tau	1.442	1.368	1.798	1.584	6200	6200	73				0.802002225		1.442	1.798	6200		4.332905739			1.75745E-07		
AR_Aur	2.48	2.294	1.781	1.816	10950	10350	143				1.392476137		2.48	1.781	10950		41.36351374			3.08049E-07		
EW_Ori	1.173	1.123	1.168	1.097	6070	5900	175				1.004280822		1.173	1.168	6070		1.679861815			3.38773E-07		
2MASSJ05282082+0338327	1.375	1.329	1.83	1.73	5103	4751	280				0.75136612		1.375	1.83	5103		2.059859322			1.6177E-07		
AS_Cam	3.3	2.5	2.6	1.98	12000	10700	480				1.269230769		3.3	2.6	12000		127.1466109			1.92337E-07		
UX_Men	1.238	1.198	1.348	1.274	6200	6150	100				0.918397626		1.238	1.348	6200		2.435452428			2.68434E-07		
TZ_Men	2.487	1.504	2.016	1.432	10400	7200	120				1.233630952		2.487	2.016	10400		43.12682844			2.41097E-07		
V1174_Ori	1.009	0.731	1.339	1.065	4470	3615	419				0.753547423		1.009	1.339	4470		0.649268533			2.21731E-07		
V432_Aur	1.22	1.08	2.46	1.23	6080	6685	134				0.495934959		1.22	2.46	6080		7.500973647			7.94302E-08		
GG_Ori	2.342	2.338	1.852	1.83	9950	9950	438				1.264578834		2.342	1.852	9950		30.49350851			2.6903E-07		
V1031_Ori	2.473	2.287	4.321	2.987	7850	8400	215				0.572321222		2.473	4.321	7850		64.31026039			5.21857E-08		
beta_Aur	2.376	2.291	2.762	2.568	9350	9200	25.4				0.860246198		2.376	2.762	9350		52.88431707			1.22714E-07		
V1388_Ori	7.42	5.16	5.6	3.76	20500	18500	832				1.325		7.42	5.6	20500		5023.710525			9.32232E-08		
FT_Ori	2.182	1.783	1.86	1.616	9600	8600	421				1.17311828		2.182	1.86	9600		26.65286681			2.48499E-07		
V404_CMa	0.733	0.662	0.719	0.68	4200	3940	1050				1.019471488		0.733	0.719	4200		0.145911006			5.58653E-07		
IM_Mon	5.5	3.32	3.15	2.36	17500	14500	353				1.746031746		5.5	3.15	17500		844.1243158			2.18393E-07		
RR_Lyn	1.927	1.507	2.57	1.59	7570	6980	74				0.749805447		1.927	2.57	7570		19.67355633			1.14951E-07		
V578_Mon	14.54	10.29	5.23	4.32	30000	26400	1390				2.780114723		14.54	5.23	30000		20096.54986			2.09439E-07		
WW_Aur	1.964	1.814	1.927	1.841	7960	7670	84				1.01920083		1.964	1.927	7960		13.52224526			2.08389E-07		
SV_Cam	1.47	0.87	1.38	0.94	6038	4804	87				1.065217391		1.47	1.38	6038		2.29595682			3.04127E-07		
GX_Gem	1.488	1.467	2.327	2.238	6194	6166	682				0.639449936		1.488	2.327	6194		7.229540235			1.0827E-07		
HS_Aur	0.898	0.877	1.005	0.874	5350	5200	130				0.893532338		0.898	1.005	5350		0.750551263			3.503E-07		
HI_Mon	14.2	12.2	5.13	4.99	30000	29000	2260				2.768031189		14.2	5.13	30000		19335.38649			2.12593E-07		
LT_CMa	5.59	3.36	3.59	2.04	17000	13140	535				1.557103064		5.59	3.59	17000		976.3773387			1.70891E-07		
SW_CMa	2.239	2.104	3.014	2.495	8200	8100	576				0.742866622		2.239	3.014	8200		37.25418045			9.711E-08		
HW_Cma	1.721	1.781	1.643	1.662	7560	7700	306				1.047474133		1.721	1.643	7560		7.998258151			2.5119E-07		
GZ_CMa	2.2	2	2.49	2.13	8810	8531	300				0.883534137		2.2	2.49	8810		33.87937861			1.39804E-07		
FS_Mon	1.632	1.462	2.051	1.629	6715	6550	322				0.79570941		1.632	2.051	6715		7.757977168			1.52857E-07		
YY_Gem	0.598	0.601	0.62	0.604	3820	3820	13				0.964516129		0.598	0.62	3820		0.074245466			6.12934E-07		
2MASSJ07431157+0316220	0.584	0.511	0.56	0.513	3730	3610	316				1.042857143		0.584	0.56	3730		0.05506105			7.33724E-07		
PV_Pup	1.565	1.554	1.542	1.499	6920	6930	83				1.014915694		1.565	1.542	6920		4.945682515			2.59323E-07		
V392_Car	1.9	1.853	1.625	1.601	8850	8650	349				1.169230769		1.9	1.625	8850		14.69308266			2.83493E-07		
CN_Lyn	1.04	1.04	1.8	1.84	6500	6455	285				0.577777778		1.04	1.8	6500		5.246039366			1.26469E-07		
AI_Hya	1.98	2.15	2.77	3.92	7100	6700	575				0.714801444		1.98	2.77	7100		17.68585424			1.01672E-07		
NSVS_07394765	0.36	0.18	0.463	0.496	3300	3106	28				0.777537797		0.36	0.463	3300		0.023059551			6.61663E-07		
TYC_5998-1918-1	0.703	0.687	0.694	0.699	4350	4090	44				1.0129683		0.703	0.694	4350		0.156426049			5.75086E-07		
AY_Cam	1.901	1.705	2.771	2.025	7400	6900	303				0.686033923		1.901	2.771	7400		20.88493072			9.75451E-08		
VV_Pyx	2.098	2.098	2.167	2.167	9500	9500	195				0.968158745		2.098	2.167	9500		34.69327928			1.76029E-07		
HD_71636	1.513	1.285	1.571	1.361	6950	6440	117				0.96308084		1.513	1.571	6950		5.223056176			2.41537E-07		
CU_Cnc	0.433	0.398	0.432	0.391	3160	3125	13				1.002314815		0.433	0.432	3160		0.016879086			9.14148E-07		
VZ_Hya	1.271	1.146	1.314	1.112	6645	6290	147				0.967275495		1.271	1.314	6645		3.053541171			2.90035E-07		
TZ_Pyx	2.078	2.005	2.358	2.028	7468	7521	510				0.881255301		2.078	2.358	7468		15.68692958			1.4725E-07		
RS_Cha	1.89	1.87	2.15	2.36	7638	7228	108.1				0.879069767		1.89	2.15	7638		14.27015349			1.61095E-07		
V467_Vel	30	9	12	5	37870	25500	429				2.5		30	12	37870		268643.7994			8.20833E-08		
NSVS_02502726	0.714	0.347	0.674	0.763	4300	3620	173				1.059347181		0.714	0.674	4300		0.140872663			6.19262E-07		
del_Vel	2.43	2.27	2.97	2.52	9450	9830	25				0.818181818		2.43	2.97	9450		63.80772213			1.0854E-07		
CV_Vel	6.066	5.972	4.126	3.908	18000	17780	553				1.470189045		6.066	4.126	18000		1620.99463			1.40391E-07		
XY_UMa	1.101	0.665	1.16	0.63	5200	4125	86				0.949137931		1.101	1.16	5200		0.892405959			3.2238E-07		
PT_Vel	2.198	1.626	2.094	1.559	9247	7638	164				1.049665712		2.198	2.094	9247		29.07969811			1.97502E-07		
KW_Hya	1.978	1.488	2.126	1.484	8000	6900	86				0.930385701		1.978	2.126	8000		16.79266316			1.72423E-07		
2MASSJ09381349-0104281	0.771	0.768	0.772	0.769	4360	4360	151				0.998704663		0.771	0.772	4360		0.195350113			5.09702E-07		
QX_Car	9.266	8.48	4.29	4.05	23800	22600	760				2.15990676		9.266	4.29	23800		5356.184409			1.98369E-07		
HS_Hya	1.255	1.219	1.275	1.216	6500	6400	102				0.984313725		1.255	1.275	6500		2.63212739			3.04172E-07		
ZZ_UMa	1.182	0.962	1.519	1.159	5903	5097	172				0.778143515		1.182	1.519	5903		2.541205514			2.01836E-07		
2MASSJ10305521+0334265	0.499	0.443	0.457	0.427	3720	3630	627				1.09190372		0.499	0.457	3720		0.036277493			9.41379E-07		
UV_Leo	1.21	1.11	0.973	1.216	6129	5741	91				1.243576567		1.21	0.973	6129		1.211761847			5.03565E-07		
RZ_Cha	1.514	1.506	2.264	2.264	6457	6457	190				0.668727915		1.514	2.264	6457		8.081818614			1.16378E-07		
DW_Car	11.34	10.63	4.558	4.297	27900	26500	2810				2.487933304		11.34	4.558	27900		11418.22412			2.1506E-07		
UW_Lmi	1.06	1.04	1.23	1.21	6500	6500	114				0.861788618		1.06	1.23	6500		2.449608937			2.76053E-07		
GZ_Leo	0.79	0.78	0.79	0.82	5120	5120	54				1		0.79	0.79	5120		0.389015705			4.98734E-07		
chi02_Hya	3.61	2.64	4.39	2.16	11750	11100	240				0.822323462		3.61	4.39	11750		333.2066155			7.38031E-08		
EM_Car	22.89	21.42	9.35	8.34	34000	34000	2200				2.448128342		22.89	9.35	34000		105967.3316			1.03162E-07		
LSPM_J1112+7626	0.395	0.275	0.381	0.3	3061	2952	48.1				1.036745407		0.395	0.381	3061		0.011559429			1.07212E-06		
FM_Leo	1.318	1.287	1.648	1.511	6316	6190	130.4				0.799757282		1.318	1.648	6316		3.920270265			1.91204E-07		
V346_Cen	11.8	8.4	8.2	4.2	26500	24000	2380				1.43902439		11.8	8.2	26500		30077.67823			6.91434E-08		
MW_UMa	1.32	1.11	1.26	1.14	6514	6112	159				1.047619048		1.32	1.26	6514		2.592777299			3.27589E-07		
EP_Cru	5.02	4.83	3.59	3.495	15700	15400	1000				1.398328691		5.02	3.59	15700		710.2653285			1.53466E-07		
IM_Vir	0.981	0.664	1.061	0.681	5570	4250	89.8				0.924599434		0.981	1.061	5570		0.98284415			3.43348E-07		
HY_Vir	1.838	1.404	2.806	1.519	7870	6546	182				0.655024947		1.838	2.806	7870		27.39727514			9.19743E-08		
eta_Mus	3.3	3.29	2.14	2.13	12700	12550	103				1.542056075		3.3	2.14	12700		108.0626315			2.83911E-07		
NSVS_01031772	0.543	0.498	0.526	0.509	3615	3513	60				1.032319392		0.543	0.526	3615		0.042858583			7.73258E-07		
SZ_Cen	2.317	2.277	4.552	3.62	8000	8280	545				0.50900703		2.317	4.552	8000		76.98348423			4.40573E-08		
ZZ_Boo	1.62	1.57	2.15	2.15	6670	6670	104				0.753488372		1.62	2.15	6670		8.298763037			1.38081E-07		
BH_Vir	1.178	1.05	1.22	1.11	6000	5850	225				0.96557377		1.178	1.22	6000		1.74967655			3.11833E-07		
DM_Vir	1.454	1.448	1.763	1.763	6500	6500	192				0.824730573		1.454	1.763	6500		5.032585472			1.84313E-07		
V636_Cen	1.052	0.854	1.018	0.83	5900	5000	71.8				1.033398821		1.052	1.018	5900		1.13903406			3.9996E-07		
Psi_Cen	3.084	1.891	3.621	1.804	10450	8800	79				0.851698426		3.084	3.621	10450		141.8258254			9.26731E-08		
AD_Boo	1.414	1.209	1.612	1.216	6575	6145	201				0.877171216		1.414	1.612	6575		4.405003035			2.14395E-07		
GG_Lup	4.116	2.509	2.379	1.725	14750	11000	140				1.730138714		4.116	2.379	14750		242.9909359			2.86538E-07		
GU_Boo	0.61	0.599	0.623	0.62	3920	3810	140				0.979133226		0.61	0.623	3920		0.083129175			6.19227E-07		
CV_Boo	1.032	0.968	1.262	1.173	5760	5670	259				0.817749604		1.032	1.262	5760		1.590163395			2.55304E-07		
alpha_CrB	2.58	0.92	3.04	0.9	9700	5800	23				0.848684211		2.58	3.04	9700		74.21081697			1.09994E-07		
RT_CrB	1.359	1.343	2.946	2.615	5134	5781	408				0.461303462		1.359	2.946	5134		5.469177907			6.1695E-08		
V335_Ser	2.02	1.84	2.03	1.6	9506	8872	219				0.995073892		2.02	2.03	9506		30.52224148			1.93133E-07		
TV_Nor	2.053	1.665	1.839	1.55	9120	7798	265				1.116367591		2.053	1.839	9120		21.22149229			2.39178E-07		
M4-V65	0.804	0.605	1.147	0.611	6088	4812	1850				0.700959024		0.804	1.147	6088		1.639300303			2.40783E-07		
M4-V66	0.784	0.744	0.934	0.83	6162	5938	1850				0.839400428		0.784	0.934	6162		1.140810834			3.54094E-07		
M4-V69	0.766	0.728	0.866	0.807	6084	5915	1850				0.884526559		0.766	0.866	6084		0.932021035			4.02429E-07		
V760_Sco	4.98	4.62	3.01	2.64	16900	16300	280				1.65448505		4.98	3.01	16900		670.3674489			2.16567E-07		
CM_Dra	0.231	0.214	0.253	0.239	3130	3120	145				0.913043478		0.231	0.253	3130		0.005572518			1.42189E-06		
2MASSJ16502074+4639013	0.493	0.489	0.453	0.452	3500	3395	118				1.088300221		0.493	0.453	3500		0.027931978			9.46557E-07		
V1292_Sco	18.6	7.3	11.2	5.2	31900	21800	1637				1.660714286		18.6	11.2	31900		117823.4909			5.84216E-08		
V1034_Sco	17.97	9.96	7.45	5.39	34000	26260	1528				2.412080537		17.97	7.45	34000		67276.17972			1.27565E-07		
V2626_Oph	1.76	1.28	3.243	1.291	7760	7205	246				0.54270737		1.76	3.243	7760		34.5918581			6.59348E-08		
WZ_Oph	1.227	1.22	1.401	1.419	6165	6115	156				0.875802998		1.227	1.401	6165		2.571826712			2.463E-07		
V2365_Oph	1.965	1.056	2.19	0.934	9500	6400	251				0.897260274		1.965	2.19	9500		35.43363924			1.61425E-07		
V2368_Oph	2.62	2.74	3.96	3.84	9300	9500	220				0.661616162		2.62	3.96	9300		106.4033434			6.58275E-08		
U_Oph	4.93	4.56	3.29	3.01	16900	16000	212				1.498480243		4.93	3.29	16900		800.8878824			1.79453E-07		
TX_Her	1.62	1.45	1.69	1.43	7534	6678	155				0.958579882		1.62	1.69	7534		8.346588086			2.2348E-07		
LV_Her	1.193	1.17	1.358	1.313	6060	6030	352				0.878497791		1.193	1.358	6060		2.255917145			2.54881E-07		
V624_Her	2.27	1.87	3.03	2.21	8150	7945	146				0.749174917		2.27	3.03	8150		36.74081623			9.74175E-08		
BD-00_3357	1.73	1.34	1.78	1.32	7250	6425	310				0.971910112		1.73	1.78	7250		7.940084774			2.15131E-07		
V539_Ara	6.25	5.33	4.43	3.73	18200	16982	340				1.410835214		6.25	4.43	18200		1953.107343			1.25478E-07		
V906_Sco	3.378	3.253	4.521	3.515	10400	10700	283				0.747179827		3.378	4.521	10400		216.8879779			6.51159E-08		
Z_Her	1.61	1.31	1.85	2.73	6397	4977	100				0.87027027		1.61	1.85	6397		5.19854692			1.85344E-07		
V1647_Sgr	2.19	1.97	1.83	1.67	9600	9100	160				1.196721311		2.19	1.83	9600		25.80003054			2.57655E-07		
V3903_Sgr	27.27	19.01	8.088	6.125	38000	34100	1497				3.371661721		27.27	8.088	38000		123722.8114			1.64248E-07		
EG_Ser	2.2	1.99	1.69	1.55	9900	9100	230				1.301775148		2.2	1.69	9900		24.885553			3.03491E-07		
V994_Her-B	1.87	1.86	1.59	1.5	9000	8450	256				1.176100629		1.87	1.59	9000		15.04518024			2.91436E-07		
V994_Her-A	2.83	2.3	2.15	1.71	12000	9450	256				1.31627907		2.83	2.15	12000		86.94307824			2.41216E-07		
V451_Oph	2.776	2.356	2.64	2.028	10800	9800	300				1.051515152		2.776	2.64	10800		86.00743266			1.56931E-07		
RX_Her	2.747	2.326	2.443	1.986	11100	10016	325				1.124437167		2.747	2.443	11100		82.18110141			1.81346E-07		
V413_Ser	3.68	3.36	3.21	2.93	11100	10350	247				1.146417445		3.68	3.21	11100		141.8845439			1.40713E-07		
HD_172189	2.06	1.87	4.014	2.967	7920	7608	432				0.513203787		2.06	4.014	7920		57.50274421			5.03743E-08		
V1331_Aql	10.1	5.29	4.25	4.04	25400	20100	490				2.376470588		10.1	4.25	25400		6819.394814			2.20313E-07		
YY_Sgr	3.9	3.48	2.56	2.33	14800	14125	900				1.5234375		3.9	2.56	14800		285.2068162			2.34467E-07		
BF_Dra	1.414	1.375	2.086	1.922	6360	6400	354				0.677852349		1.414	2.086	6360		6.4578831			1.28032E-07		
BD+03_3821	4.04	2.72	3.77	2.04	13140	12044	513				1.071618037		4.04	3.77	13140		384.323791			1.11994E-07		
DI_Her	5.15	4.52	2.68	2.48	16980	15135	617				1.921641791		5.15	2.68	16980		541.568555			2.8251E-07		
HP_Dra	1.133	1.094	1.371	1.052	6000	5895	77				0.826404085		1.133	1.371	6000		2.209596735			2.37493E-07		
V1182_Aql	31	16.6	9	4.86	43000	30500	1500				3.444444444		31	9	43000		251183.987			1.5079E-07		
V1665_Aql	3.97	3.66	4.13	2.6	12300	11650	477				0.96125908		3.97	4.13	12300		354.1226108			9.17037E-08		
V805_Aql	2.11	1.63	2.11	1.75	8185	7178	168				1		2.11	2.11	8185		18.12478043			1.8673E-07		
2MASSJ19071662+4639532	0.68	0.523	0.634	0.525	4150	3700	230				1.072555205		0.68	0.634	4150		0.108144394			6.66541E-07		
V526_Sgr	2.27	1.68	1.89	1.56	10140	8710	540				1.201058201		2.27	1.89	10140		34.25378258			2.50379E-07		
FL_Lyr	1.218	0.958	1.283	0.963	6150	5300	140				0.94933749		1.218	1.283	6150		2.135929354			2.91535E-07		
TYC_3121-1659-1	1.37	0.32	1.6	0.86	6700	3170	479				0.85625		1.37	1.6	6700		4.679207285			2.10852E-07		
V565_Lyr	0.996	0.929	1.101	0.971	5600	5430	4010				0.904632153		0.996	1.101	5600		1.08133399			3.23728E-07		
V568_Lyr	1.074	0.827	1.399	0.768	5665	4900	3972				0.767691208		1.074	1.399	5665		1.828387292			2.16205E-07		
V1430_Aql	0.96	0.86	1.1	0.85	5262	4930	142				0.872727273		0.96	1.1	5262		0.841437482			3.12595E-07		
UZ_Dra	1.34	1.23	1.31	1.15	6210	5985	170				1.022900763		1.34	1.31	6210		2.314952586			3.07651E-07		
V2080_Cyg	1.191	1.157	1.596	1.599	6000	5987	78				0.746240602		1.191	1.596	6000		2.994359113			1.84222E-07		
V415_Aql	1.798	1.675	2.97	2.34	6590	6050	910				0.605387205		1.798	2.97	6590		15.0899453			8.03106E-08		
V2083_Cyg	1.71	1.66	2.12	2.45	7630	7623	117				0.806603774		1.71	2.12	7630		13.81665718			1.49907E-07		
WTS_19e-3-08413	0.463	0.351	0.48	0.375	3506	3338	610				0.964583333		0.463	0.48	3506		0.031576445			7.91762E-07		
V885_Cyg	2.005	2.234	2.345	3.385	8375	8150	873				0.855010661		2.005	2.345	8375		24.53906807			1.43656E-07		
WTS_19b-2-01387	0.498	0.481	0.496	0.479	3498	3436	545				1.004032258		0.498	0.496	3498		0.033409939			7.97558E-07		
WTS_19c-3-01405	0.41	0.376	0.398	0.393	3309	3305	645				1.030150754		0.41	0.398	3309		0.017226075			1.0198E-06		
KIC_6131659	0.922	0.685	0.88	0.64	5660	4780	322				1.047727273		0.922	0.88	5660		0.720881993			4.69096E-07		
V1143_Cyg	1.391	1.347	1.346	1.323	6460	6400	38				1.033432392		1.391	1.346	6460		2.861892392			3.02505E-07		
V541_Cyg	2.24	2.24	1.88	1.79	9885	9955	863				1.191489362		2.24	1.88	9885		30.60944827			2.49706E-07		
V380_Cyg	11.1	6.95	14.7	3.74	21350	20500	1000				0.755102041		11.1	14.7	21350		40724.83143			2.02388E-08		
KIC_10935310	0.68	0.341	0.613	0.897	4320	2750	127				1.109298532		0.68	0.613	4320		0.118710476			7.12991E-07		
BS_Dra	1.294	1.276	1.415	1.396	6618	6626	172				0.914487633		1.294	1.415	6618		3.483798593			2.54635E-07		
V477_Cyg	1.79	1.35	1.57	1.27	8700	6700	220				1.140127389		1.79	1.57	8700		12.80882888			2.86121E-07		
V453_Cyg	14.36	11.11	8.551	5.489	26600	25500	2140				1.67933575		14.36	8.551	26600		33204.23415			7.73779E-08		
2MASSJ20115132+0337194	0.557	0.535	0.569	0.5	3690	3610	364				0.978910369		0.557	0.569	3690		0.05444564			6.7784E-07		
TYC_4589-2999-1	1.8	0.8	2.02	0.85	5830	4616	260				0.891089109		1.8	2.02	5830		4.275727966			1.73806E-07		
V478_Cyg	16.6	16.3	7.43	7.43	30550	30550	1354				2.234185734		16.6	7.43	30550		43616.98021			1.18475E-07		
MY_Cyg	1.82	1.8	2.22	2.28	7100	7036	228				0.81981982		1.82	2.22	7100		11.35984622			1.455E-07		
V399_Vul	7.57	5.46	5.82	3.14	19000	18250	274				1.300687285		7.57	5.82	19000		4003.994585			8.80534E-08		
BP_Vul	1.737	1.408	1.852	1.489	7709	6823	400				0.937904968		1.737	1.852	7709		10.9877117			1.99533E-07		
V442_Cyg	1.564	1.41	2.072	1.662	6900	6808	334				0.754826255		1.564	2.072	6900		8.826915589			1.43534E-07		
MP_Del	1.559	1.248	2.428	1.575	7400	6927	149				0.642092257		1.559	2.428	7400		16.03457126			1.04195E-07		
V456_Cyg	1.86	1.58	1.68	1.47	7750	6755	503				1.107142857		1.86	1.68	7750		9.235458941			2.59651E-07		
MR_Del	0.63	0.69	0.65	0.83	4900	4400	63				0.969230769		0.63	0.65	4900		0.220924633			5.87503E-07		
IO_Aqr	1.64	1.53	2.54	2.09	6600	6425	256				0.645669291		1.64	2.54	6600		11.10391897			1.00155E-07		
V379_Cep	10.56	6.09	7.909	3.04	22025	20206	500				1.335187761		10.56	7.909	22025		13351.80337			6.65146E-08		
Y_Cyg	17.5	17.3	6	5.7	31000	31570	1600				2.916666667		17.5	6	31000		30156.60062			1.91528E-07		
CG_Cyg	0.94	0.81	0.89	0.84	5260	4720	83				1.056179775		0.94	0.89	5260		0.549991653			4.67567E-07		
ER_Vul	1.09	1.06	1.16	1.18	6000	5883	52				0.939655172		1.09	1.16	6000		1.581809168			3.19159E-07		
V1061_Cyg	1.282	0.932	1.615	0.974	6180	5300	166.9				0.79380805		1.282	1.615	6180		3.450897517			1.9366E-07		
EI_Cep	1.772	1.68	2.896	2.329	6750	6950	192				0.611878453		1.772	2.896	6750		15.79229743			8.32459E-08		
2MASSJ21295384-5620038	0.833	0.703	0.845	0.718	4750	4220	126				0.985798817		0.833	0.845	4750		0.329701532			4.59651E-07		
EE_Peg	2.156	1.335	2.089	1.312	8700	6450	142				1.032072762		2.156	2.089	8700		22.67707304			1.94656E-07		
EK_Cep	2.029	1.124	1.579	1.315	9000	5700	150				1.2849905		2.029	1.579	9000		14.83772802			3.20637E-07		
OO_Peg	1.72	1.69	2.19	1.37	8770	8683	295				0.785388128		1.72	2.19	8770		25.73473565			1.41298E-07		
VZ_Cep	1.402	1.108	1.534	1.042	6670	5720	215				0.913950456		1.402	1.534	6670		4.224615258			2.34743E-07		
V497_Cep	6.89	5.39	3.69	2.92	19500	17756	760				1.867208672		6.89	3.69	19500		1785.764915			1.99371E-07		
BG_Ind	1.428	1.293	2.29	1.68	6353	6653	67				0.623580786		1.428	2.29	6353		7.748533133			1.07289E-07		
CM_Lac	1.98	1.5	1.51	1.55	9000	4586	227				1.311258278		1.98	1.51	9000		13.56928739			3.42143E-07		
V398_Lac	3.83	3.29	4.89	2.45	11000	10900	725				0.783231084		3.83	4.89	11000		317.5569099			6.3107E-08		
BW_Aqr	1.49	1.39	2.06	1.79	6350	6450	420				0.723300971		1.49	2.06	6350		6.258387507			1.3834E-07		
WX_Cep	2.535	2.325	4	2.71	8150	8872	729				0.63375		2.535	4	8150		64.03000357			6.24244E-08		
LL_Aqr	1.223	1.056	1.325	1.005	6680	6200	123				0.923018868		1.223	1.325	6680		3.170813619			2.74467E-07		
RW_Lac	0.928	0.87	1.186	0.964	5760	5560	190				0.782462057		0.928	1.186	5760		1.404405172			2.59941E-07		
DH_Cep	32.7	29.8	8.69	8.58	41000	39550	2767				3.762945915		32.7	8.69	41000		193556.6461			1.7061E-07		
AH_Cep	15.4	13.6	6.38	5.86	29900	28600	725				2.413793103		15.4	6.38	29900		29509.32117			1.49065E-07		
V364_Lac	2.333	2.296	3.307	2.985	8250	8500	453				0.705473239		2.333	3.307	8250		45.95336222			8.40509E-08		
V453_Cep	2.58	2.48	2.1	2	10300	10400	248				1.228571429		2.58	2.1	10300		45.02156595			2.30503E-07		
NY_Cep	13	9	6.8	5.4	28500	23100	725				1.911764706		13	6.8	28500		27671.35168			1.1077E-07		
EF_Aqr	1.244	0.946	1.338	0.956	6150	5185	172				0.929745889		1.244	1.338	6150		2.322981753			2.73782E-07		
CW_Cep	11.82	11.09	5.48	4.99	28300	27700	770				2.156934307		11.82	5.48	28300		17471.89325			1.55079E-07		
PV_Cas	2.81	2.76	2.297	2.256	10200	10200	670				1.223334785		2.81	2.297	10200		51.80310433			2.09836E-07		
RT_And	1.24	0.91	1.26	0.9	6095	4732	107.5				0.984126984		1.24	1.26	6095		1.987325652			3.07735E-07		
V396_Cas	2.398	1.901	2.592	1.779	9225	8550	560				0.925154321		2.398	2.592	9225		44.13352354			1.40629E-07		
2MASSJ23143816+0339493	0.469	0.382	0.441	0.374	3460	3320	289				1.063492063		0.469	0.441	3460		0.02528219			9.50149E-07		
NSVS_11868841	0.87	0.607	0.983	0.901	5250	5020	668				0.885045778		0.87	0.983	5250		0.665851462			3.54739E-07		
AR_Cas	5.9	1.86	5.05	1.6	17200	8150	190				1.168316832		5.9	5.05	17200		2024.555339			9.11518E-08		
V731_Cep	2.577	2.017	1.823	1.717	10700	9265	809				1.41360395		2.577	1.823	10700		39.5131412			3.05518E-07		
IT_Cas	1.33	1.328	1.593	1.56	6470	6470	504				0.834902699		1.33	1.593	6470		4.033497412			2.06498E-07		
BK_Peg	1.414	1.257	1.988	1.474	6265	6320	298				0.711267606		1.414	1.988	6265		5.52268369			1.40966E-07		
AL_Scl	3.63	1.71	3.24	1.4	13550	10300	200				1.12037037		3.63	3.24	13550		320.9817272			1.36243E-07		
V821_Cas	2.04	1.62	2.31	1.39	9400	8450	274				0.883116883		2.04	2.31	9400		37.78926827			1.50627E-07		
											0.960784314		0.49	0.51	3614		0.040246309			7.42253E-07		
											1.245231608		4.57	3.67	15100		635.1452084			1.33684E-07		
											0.739242685		0.859	1.162	5959		1.544325726			2.50655E-07		
											1		1.35	1.35	6700		3.331193468			2.91852E-07		
											0.787327021		1.081	1.373	5875		2.037068657			2.25934E-07		
											1.125		1.8	1.6	7780		8.507294392			2.77031E-07		
											1.376686454		2.551	1.853	11910		62.66585839			2.92722E-07		
											0.658039648		1.195	1.816	5010		1.88458487			1.42769E-07		
											0.746162928		1.264	1.694	6170		3.772250949			1.73547E-07		
											0.997455471		1.96	1.965	9100		24.01727811			1.99999E-07		
											1		0.445	0.445	3085		0.016269485			8.85393E-07		
											0.915662651		0.76	0.83	4750		0.318100046			4.34664E-07		
											1.014754098		0.619	0.61	3600		0.05668952			6.55431E-07		
											0.631221719		0.279	0.442	3365		0.022720502			5.62673E-07		
											1.670520231		3.179	1.903	11000		48.09295092			3.45867E-07		
											1.182094082		1.558	1.318	8000		6.453924445			3.53373E-07		
											0.988151659		1.251	1.266	6462		2.534943795			3.07529E-07		
											1.036644166		2.15	2.074	9800		35.98776826			1.96932E-07		
											0.910885505		1.615	1.773	7620		9.613255054			2.02419E-07		
											0.852564103		1.33	1.56	6561		4.090368697			2.15327E-07		
											0.928125		2.97	3.2	11210		146.6748036			1.14275E-07		
											0.984126984		0.62	0.63	4055		0.097336929			6.1547E-07		
											0.992647059		1.35	1.36	6580		3.144955463			2.87576E-07		
											1.016528926		1.23	1.21	6575		2.481914851			3.31002E-07		
											0.246394231		2.05	8.32	5000		39.24278114			1.16682E-08		
											0.967741935		0.24	0.248	3300		0.00661595			1.53746E-06		
											1.042462845		0.491	0.471	3270		0.023007315			8.72039E-07		
											0.989399293		0.28	0.283	3241		0.008015343			1.37747E-06		
											1.020435967		1.498	1.468	6970		4.613349231			2.73877E-07		
											0.986759142		1.565	1.586	7262		6.345479606			2.45134E-07		
											0.781144781		1.392	1.782	6625		5.54871014			1.72711E-07		
											1.153333333		1.73	1.5	7670		7.063128091			3.02942E-07		
											0.610839844		1.251	2.048	6000		4.930580054			1.17515E-07		
											1.884615385		4.9	2.6	17400		562.0523882			2.85592E-07		
											1.595522388		10.69	6.7	27244		22431.90723			9.38262E-08		
											0.997412678		0.771	0.773	3977		0.135585879			5.08384E-07		
											1.035951327		1.873	1.808	8240		13.66906496			2.25755E-07		
											0.904761905		0.19	0.21	2900		0.0028292			1.69751E-06		
											1		0.532	0.532	3810		0.054094894			7.40602E-07		
											1.007202881		0.839	0.833	5125		0.434208769			4.76396E-07		
											0.982947625		0.807	0.821	5270		0.471587064			4.71719E-07		
											0.954094293		0.769	0.806	4133		0.171935206			4.66393E-07		
											0.863636364		1.368	1.584	6200		3.362871099			2.14819E-07		
											1.263215859		2.294	1.816	10350		34.32623694			2.74068E-07		
											1.023701003		1.123	1.097	5900		1.322678853			3.67674E-07		
											0.768208092		1.329	1.73	4751		1.383137755			1.74956E-07		
											1.262626263		2.5	1.98	10700		46.6120925			2.5125E-07		
											0.940345369		1.198	1.274	6150		2.106068185			2.90813E-07		
											1.05027933		1.504	1.432	7200		4.998608577			2.88974E-07		
											0.686384977		0.731	1.065	3615		0.175697479			2.5393E-07		
											0.87804878		1.08	1.23	6685		2.740620978			2.81261E-07		
											1.277595628		2.338	1.83	9950		29.7733437			2.75067E-07		
											0.765651155		2.287	2.987	8400		40.29217373			1.00993E-07		
											0.892133956		2.291	2.568	9200		42.85233157			1.36877E-07		
											1.372340426		5.16	3.76	18500		1502.08916			1.43804E-07		
											1.103341584		1.783	1.616	8600		12.95715417			2.69008E-07		
											0.973529412		0.662	0.68	3940		0.101073155			5.64074E-07		
											1.406779661		3.32	2.36	14500		223.3207734			2.34861E-07		
											0.947798742		1.507	1.59	6980		5.44313427			2.34863E-07		
											2.381944444		10.29	4.32	26400		8222.73529			2.17242E-07		
											0.985334058		1.814	1.841	7670		10.63952259			2.10875E-07		
											0.925531915		0.87	0.94	4804		0.426875088			3.87936E-07		
											0.655495979		1.467	2.238	6166		6.567005112			1.154E-07		
											1.003432494		0.877	0.874	5200		0.506604856			4.52348E-07		
											2.44488978		12.2	4.99	29000		15974.46019			1.93043E-07		
											1.647058824		3.36	2.04	13140		112.5317063			3.18108E-07		
											0.843286573		2.104	2.495	8100		24.30604423			1.33168E-07		
											1.071600481		1.781	1.662	7700		8.807609434			2.54038E-07		
											0.938967136		2	2.13	8531		21.79676707			1.73687E-07		
											0.897483118		1.462	1.629	6550		4.43037489			2.17071E-07		
											0.995033113		0.601	0.604	3820		0.070462888			6.49078E-07		
											0.996101365		0.511	0.513	3610		0.040541204			7.65037E-07		
											1.036691127		1.554	1.499	6930		4.700773356			2.72486E-07		
											1.157401624		1.853	1.601	8650		13.01607979			2.84832E-07		
											0.565217391		1.04	1.84	6455		5.331553123			1.2103E-07		
											0.548469388		2.15	3.92	6700		28.08694173			5.51268E-08		
											0.362903226		0.18	0.496	3106		0.020768363			2.88274E-07		
											0.982832618		0.687	0.699	4090		0.124016849			5.53986E-07		
											0.841975309		1.705	2.025	6900		8.431008486			1.63821E-07		
											0.968158745		2.098	2.167	9500		34.69327928			1.76029E-07		
											0.944158707		1.285	1.361	6440		2.889966631			2.73327E-07		
											1.017902813		0.398	0.391	3125		0.013224727			1.02571E-06		
											1.03057554		1.146	1.112	6290		1.755679607			3.6515E-07		
											0.988658777		2.005	2.028	7521		11.93634504			1.92077E-07		
											0.792372881		1.87	2.36	7228		13.78890216			1.32286E-07		
											1.8		9	5	25500		9588.128345			1.4184E-07		
											0.454783748		0.347	0.763	3620		0.090681035			2.34842E-07		
											0.900793651		2.27	2.52	9830		53.78340098			1.40838E-07		
											1.52814739		5.972	3.908	17780		1384.4244			1.54066E-07		
											1.055555556		0.665	0.63	4125		0.104234148			6.60141E-07		
											1.042976267		1.626	1.559	7638		7.503155635			2.63587E-07		
											1.002695418		1.488	1.484	6900		4.527904655			2.66214E-07		
											0.99869961		0.768	0.769	4360		0.193834798			5.11687E-07		
											2.09382716		8.48	4.05	22600		3881.297311			2.03696E-07		
											1.002467105		1.219	1.216	6400		2.250194994			3.24813E-07		
											0.830025884		0.962	1.159	5097		0.822353442			2.82166E-07		
											1.037470726		0.443	0.427	3630		0.028715432			9.57291E-07		
											0.912828947		1.11	1.216	5741		1.456969451			2.95769E-07		
											0.665194346		1.506	2.264	6457		8.081818614			1.15763E-07		
											2.473818943		10.63	4.297	26500		8259.377409			2.26829E-07		
											0.859504132		1.04	1.21	6500		2.370594517			2.79872E-07		
											0.951219512		0.78	0.82	5120		0.419122192			4.57049E-07		
											1.222222222		2.64	2.16	11100		64.24399296			2.22942E-07		
											2.568345324		21.42	8.34	34000		84310.34721			1.21334E-07		
											0.916666667		0.275	0.3	2952		0.006199277			1.20389E-06		
											0.851753805		1.287	1.511	6190		3.040357361			2.22099E-07		
											2		8.4	4.2	24000		5308.559092			1.87619E-07		
											0.973684211		1.11	1.14	6112		1.64503898			3.36519E-07		
											1.381974249		4.83	3.495	15400		623.1754729			1.55793E-07		
											0.975036711		0.664	0.681	4250		0.13724074			5.64118E-07		
											0.924292298		1.404	1.519	6546		3.842843162			2.39744E-07		
											1.544600939		3.29	2.13	12550		102.0862424			2.85715E-07		
											0.978388998		0.498	0.509	3513		0.035791613			7.57338E-07		
											0.629005525		2.277	3.62	8280		55.86908987			6.84608E-08		
											0.730232558		1.57	2.15	6670		8.298763037			1.33819E-07		
											0.945945946		1.05	1.11	5850		1.308888133			3.35768E-07		
											0.821327283		1.448	1.763	6500		5.032585472			1.83552E-07		
											1.028915663		0.854	0.83	5000		0.390543407			4.88425E-07		
											1.048226164		1.891	1.804	8800		17.70259214			2.28936E-07		
											0.994243421		1.209	1.216	6145		1.912439949			3.22148E-07		
											1.454492754		2.509	1.725	11000		39.51682538			3.32215E-07		
											0.966129032		0.599	0.62	3810		0.073471074			6.13959E-07		
											0.825234442		0.968	1.173	5670		1.289915817			2.77189E-07		
											1.022222222		0.92	0.9	5800		0.831438444			4.47506E-07		
											0.513575526		1.343	2.615	5781		6.92768883			7.738E-08		
											1.15		1.84	1.6	8872		14.38663437			2.83188E-07		
											1.074193548		1.665	1.55	7798		8.058040172			2.73053E-07		
											0.990180033		0.605	0.611	4812		0.181559093			6.38512E-07		
											0.896385542		0.744	0.83	5938		0.776873068			4.25513E-07		
											0.902106568		0.728	0.807	5915		0.723101352			4.40434E-07		
											1.75		4.62	2.64	16300		446.2635129			2.61174E-07		
											0.89539749		0.214	0.239	3120		0.004909613			1.47609E-06		
											1.081858407		0.489	0.452	3395		0.024618925			9.43036E-07		
											1.403846154		7.3	5.2	21800		5539.438819			1.06368E-07		
											1.847866419		9.96	5.39	26260		12531.10952			1.35076E-07		
											0.991479473		1.28	1.291	7205		4.074004773			3.02589E-07		
											0.859760395		1.22	1.419	6115		2.553781549			2.38721E-07		
											1.130620985		1.056	0.934	6400		1.327537375			4.76943E-07		
											0.713541667		2.74	3.84	9500		108.940654			7.32123E-08		
											1.514950166		4.56	3.01	16000		538.5748017			1.98302E-07		
											1.013986014		1.45	1.43	6678		3.688848695			2.79378E-07		
											0.891089109		1.17	1.313	6030		2.067434738			2.67395E-07		
											0.846153846		1.87	2.21	7945		17.6519733			1.50853E-07		
											1.015151515		1.34	1.32	6425		2.693230343			3.03007E-07		
											1.428954424		5.33	3.73	16982		1049.557214			1.5094E-07		
											0.925462304		3.253	3.515	10700		146.899013			1.03736E-07		
											0.47985348		1.31	2.73	4977		4.147906569			6.92536E-08		
											1.179640719		1.97	1.67	9100		17.34728925			2.7831E-07		
											3.103673469		19.01	6.125	34100		46011.12058			1.99649E-07		
											1.283870968		1.99	1.55	9100		14.94383535			3.26352E-07		
											1.24		1.86	1.5	8450		10.40500905			3.25707E-07		
											1.34502924		2.3	1.71	9450		21.15205481			3.09907E-07		
											1.1617357		2.356	2.028	9800		34.40909993			2.25702E-07		
											1.171198389		2.326	1.986	10016		36.00550116			2.32353E-07		
											1.146757679		3.36	2.93	10350		89.35724044			1.54206E-07		
											0.630266262		1.87	2.967	7608		26.75162801			8.36956E-08		
											1.309405941		5.29	4.04	20100		2416.462547			1.27699E-07		
											1.493562232		3.48	2.33	14125		196.019274			2.52559E-07		
											0.715400624		1.375	1.922	6400		5.621597805			1.46653E-07		
											1.333333333		2.72	2.04	12044		79.42851273			2.57516E-07		
											1.822580645		4.52	2.48	15135		292.7292845			2.89555E-07		
											1.039923954		1.094	1.052	5895		1.212271306			3.89477E-07		
											3.41563786		16.6	4.86	30500		18539.79827			2.76906E-07		
											1.407692308		3.66	2.6	11650		112.9492901			2.1332E-07		
											0.931428571		1.63	1.75	7178		7.3743377			2.09704E-07		
											0.996190476		0.523	0.525	3700		0.046855288			7.47617E-07		
											1.076923077		1.68	1.56	8710		12.70442241			2.71992E-07		
											0.994807892		0.958	0.963	5300		0.663726505			4.07014E-07		
											0.372093023		0.32	0.86	3170		0.067743411			1.70471E-07		
											0.956745623		0.929	0.971	5430		0.743482733			3.88216E-07		
											1.076822917		0.827	0.768	4900		0.308418108			5.52433E-07		
											1.011764706		0.86	0.85	4930		0.387131613			4.68983E-07		
											1.069565217		1.23	1.15	5985		1.539165811			3.66442E-07		
											0.723577236		1.157	1.599	5987		2.979662453			1.78292E-07		
											0.715811966		1.675	2.34	6050		6.654054013			1.20526E-07		
											0.67755102		1.66	2.45	7623		18.3852253			1.08961E-07		
											0.936		0.351	0.375	3338		0.015835835			9.83424E-07		
											0.659970458		2.234	3.385	8150		45.85438673			7.68178E-08		
											1.004175365		0.481	0.479	3436		0.029007931			8.25981E-07		
											0.956743003		0.376	0.393	3305		0.016714911			9.59177E-07		
											1.0703125		0.685	0.64	4780		0.193956636			6.58911E-07		
											1.01814059		1.347	1.323	6400		2.66362261			3.0321E-07		
											1.251396648		2.24	1.79	9955		28.543303			2.75447E-07		
											1.85828877		6.95	3.74	20500		2240.741497			1.95766E-07		
											0.380156076		0.341	0.897	2750		0.041739647			1.6698E-07		
											0.914040115		1.276	1.396	6626		3.407294492			2.57974E-07		
											1.062992126		1.35	1.27	6700		2.948083371			3.29779E-07		
											2.024048096		11.11	5.489	25500		11555.27516			1.45286E-07		
											1.07		0.535	0.5	3610		0.038512519			8.4316E-07		
											0.941176471		0.8	0.85	4616		0.297532328			4.36263E-07		
											2.193808883		16.3	7.43	30550		43616.98021			1.16334E-07		
											0.789473684		1.8	2.28	7036		11.55596254			1.36427E-07		
											1.738853503		5.46	3.14	18250		992.0735701			2.18187E-07		
											0.945601075		1.408	1.489	6823		4.358368921			2.50213E-07		
											0.848375451		1.41	1.662	6808		5.382367353			2.01119E-07		
											0.792380952		1.248	1.575	6927		5.18053933			1.98221E-07		
											1.074829932		1.58	1.47	6755		4.081024399			2.88084E-07		
											0.831325301		0.69	0.83	4400		0.234207069			3.94629E-07		
											0.732057416		1.53	2.09	6425		6.751778847			1.38005E-07		
											2.003289474		6.09	3.04	20206		1397.338645			2.59637E-07		
											3.035087719		17.3	5.7	31570		29273.93791			2.09794E-07		
											0.964285714		0.81	0.84	4720		0.317657911			4.52296E-07		
											0.898305085		1.06	1.18	5883		1.51283832			2.99943E-07		
											0.95687885		0.932	0.974	5300		0.678976121			3.87074E-07		
											0.721339631		1.68	2.329	6950		11.47919157			1.2203E-07		
											0.979108635		0.703	0.718	4220		0.148296807			5.37282E-07		
											1.017530488		1.335	1.312	6450		2.702337805			3.05569E-07		
											0.854752852		1.124	1.315	5700		1.655709104			2.56101E-07		
											1.233576642		1.69	1.37	8683		9.677283115			3.54766E-07		
											1.063339731		1.108	1.042	5720		1.054271973			4.02069E-07		
											1.845890411		5.39	2.92	17756		768.7397828			2.49069E-07		
											0.769642857		1.293	1.68	6653		5.015586972			1.805E-07		
											0.967741935		1.5	1.55	4586		0.963901611			2.45994E-07		
											1.342857143		3.29	2.45	10900		76.85484816			2.15953E-07		
											0.776536313		1.39	1.79	6450		5.030116329			1.70925E-07		
											0.857933579		2.325	2.71	8872		41.27221932			1.24733E-07		
											1.050746269		1.056	1.005	6200		1.353729802			4.11934E-07		
											0.902489627		0.87	0.964	5560		0.805538575			3.6886E-07		
											3.473193473		29.8	8.58	39550		163378.0226			1.59492E-07		
											2.320819113		13.6	5.86	28600		20839.74847			1.56041E-07		
											0.769179229		2.296	2.985	8500		42.18883007			1.01527E-07		
											1.24		2.48	2	10400		42.44499208			2.4428E-07		
											1.666666667		9	5.4	23100		7531.275723			1.21605E-07		
											0.989539749		0.946	0.956	5185		0.59916155			4.07823E-07		
											2.22244489		11.09	4.99	27700		13296.98797			1.7548E-07		
											1.223404255		2.76	2.256	10200		49.97030337			2.13662E-07		
											1.011111111		0.91	0.9	4732		0.368380872			4.42642E-07		
											1.068577853		1.901	1.779	8550		15.34085141			2.36661E-07		
											1.021390374		0.382	0.374	3320		0.015414472			1.07601E-06		
											0.673695893		0.607	0.901	5020		0.467624825			2.94602E-07		
											1.1625		1.86	1.6	8150		10.24480057			2.86266E-07		
											1.174723355		2.017	1.717	9265		19.70404512			2.69564E-07		
											0.851282051		1.328	1.56	6470		3.86811545			2.15003E-07		
											0.852781547		1.257	1.474	6320		3.144100275			2.27948E-07		
											1.221428571		1.71	1.4	10300		20.00958487			3.43745E-07		
											1.165467626		1.62	1.39	8450		8.934896883			3.30356E-07		
